Shooting ID,Full Date,State,Age,Number Killed,Number Injured,year,Gender_Male,Gender_Transgender
1,2017-10-01,NV,64,60,867,2017,1,0
2,2016-06-12,FL,29,49,53,2016,1,0
3,2007-04-16,VA,23,32,26,2007,1,0
4,2012-12-14,CT,20,27,1,2012,1,0
5,2017-11-05,TX,26,25,20,2017,1,0
6,2019-08-03,TX,21,23,26,2019,1,0
7,1991-10-16,TX,35,23,22,1991,1,0
8,2022-05-24,TX,18,21,17,2022,1,0
9,1984-07-18,CA,41,21,19,1984,1,0
10,2023-10-25,ME,40,18,13,2023,1,0
11,2018-02-14,FL,19,17,17,2018,1,0
12,1966-08-01,TX,25,15,31,1966,1,0
13,2015-12-02,CA,28,14,24,2015,1,0
14,2015-12-02,CA,29,14,24,2015,0,0
15,1986-08-20,OK,44,14,6,1986,1,0
16,1999-04-20,CO,17,13,23,1999,1,0
17,1999-04-20,CO,18,13,23,1999,1,0
18,2009-11-05,TX,39,13,32,2009,1,0
19,2009-04-03,NY,41,13,4,2009,1,0
20,2012-07-20,CO,24,12,70,2012,1,0
21,2018-11-07,CA,28,12,21,2018,1,0
22,2013-09-16,DC,34,12,8,2013,1,0
23,2019-05-31,VA,40,12,4,2019,1,0
24,1999-07-29,GA,44,12,13,1999,1,0
25,1990-06-18,FL,42,11,6,1990,1,0
26,2018-10-27,PA,46,11,6,2018,1,0
27,2023-01-21,CA,72,11,9,2023,1,0
28,2018-05-18,TX,17,10,13,2018,1,0
29,2022-05-14,NY,18,10,3,2022,1,0
30,2021-03-22,CO,21,10,1,2021,1,0
31,2005-03-21,MN,16,9,7,2005,1,0
32,2015-06-17,SC,21,9,1,2015,1,0
33,2019-08-04,OH,24,9,27,2019,1,0
34,2015-10-01,OR,26,9,8,2015,1,0
35,1989-09-14,KY,47,9,12,1989,1,0
36,2021-05-26,CA,57,9,1,2021,1,0
37,2007-12-05,NE,19,8,5,2007,1,0
38,2021-04-15,IN,19,8,7,2021,1,0
39,2021-03-16,GA,21,8,1,2021,1,0
40,1984-05-17,AK,25,8,1,1984,1,0
41,2023-05-06,TX,33,8,7,2023,1,0
42,2010-08-03,CT,34,8,2,2010,1,0
43,2011-10-12,CA,41,8,1,2011,1,0
44,2009-03-29,NC,45,8,3,2009,1,0
45,1982-08-20,FL,51,8,3,1982,1,0
46,1993-07-01,CA,55,8,6,1993,1,0
47,2022-07-04,IL,21,7,48,2022,1,0
48,1973-01-07,LA,23,7,8,1973,1,0
49,2019-08-31,TX,36,7,23,2019,1,0
50,1976-07-12,CA,37,7,2,1976,1,0
51,1988-02-16,CA,39,7,4,1988,1,0
52,1999-11-02,HI,40,7,0,1999,1,0
53,2000-12-26,MA,42,7,0,2000,1,0
54,2012-04-02,CA,43,7,3,2012,1,0
55,2006-01-30,CA,44,7,0,2006,0,0
56,2005-03-12,WI,44,7,4,2005,1,0
57,1999-09-15,TX,47,7,7,1999,1,0
58,2011-08-07,OH,51,7,1,2011,1,0
59,1968-03-16,MI,56,7,2,1968,1,0
60,2023-01-23,CA,66,7,1,2023,1,0
61,1977-08-26,NJ,20,6,0,1977,1,0
62,2011-01-08,AZ,22,6,13,2011,1,0
63,2014-05-23,CA,22,6,14,2014,1,0
64,1983-10-11,TX,24,6,0,1983,1,0
65,1977-07-23,OR,26,6,2,1977,1,0
66,2006-03-25,WA,28,6,2,2006,1,0
67,2008-09-02,WA,28,6,4,2008,1,0
68,2023-03-27,TN,28,6,0,2023,0,1
69,2022-11-22,VA,31,6,6,2022,1,0
70,1972-06-21,NJ,33,6,6,1972,1,0
71,2015-11-14,TX,33,6,0,2015,1,0
72,1993-12-07,NY,35,6,19,1993,1,0
73,2004-11-21,WI,36,6,2,2004,1,0
74,2003-08-27,IL,36,6,0,2003,1,0
75,2012-09-27,MN,36,6,2,2012,1,0
76,1983-03-01,AK,39,6,2,1983,1,0
77,1984-06-29,TX,39,6,1,1984,1,0
78,1967-10-23,PA,39,6,6,1967,1,0
79,2012-08-05,WI,40,6,3,2012,1,0
80,2013-07-26,FL,42,6,0,2013,1,0
81,1992-11-08,CA,43,6,1,1992,1,0
82,2016-02-20,MI,45,6,2,2016,1,0
83,1982-08-09,TX,46,6,4,1982,1,0
84,2003-07-08,MS,48,6,8,2003,1,0
85,2008-02-07,MO,52,6,1,2008,1,0
86,1987-04-23,FL,60,6,14,1987,1,0
87,1998-03-24,AR,11,5,10,1998,1,0
88,1998-03-24,AR,13,5,10,1998,1,0
89,2022-10-13,NC,15,5,2,2022,1,0
90,2007-02-12,UT,18,5,4,2007,1,0
91,1994-12-31,NC,18,5,1,1994,1,0
92,1966-11-12,AZ,18,5,2,1966,1,0
93,2016-09-23,WA,20,5,0,2016,1,0
94,2001-09-08,CA,20,5,2,2001,1,0
95,2004-07-02,KS,21,5,2,2004,1,0
96,1975-03-02,CA,21,5,1,1975,1,0
97,2019-01-23,FL,21,5,0,2019,1,0
98,1980-02-03,TX,21,5,3,1980,1,0
99,1995-12-19,NY,22,5,3,1995,1,0
100,2022-11-19,CO,22,5,25,2022,1,0
101,2013-06-07,CA,23,5,3,2013,1,0
102,1989-01-17,CA,24,5,30,1989,1,0
103,2015-07-16,TN,24,5,2,2015,1,0
104,2006-05-21,LA,25,5,1,2006,1,0
105,2023-04-10,KY,25,5,8,2023,1,0
106,2008-06-25,KY,25,5,1,2008,1,0
107,2016-07-07,TX,25,5,11,2016,1,0
108,2017-01-06,FL,26,5,43,2017,1,0
109,2008-02-14,IL,27,5,21,2008,1,0
110,1995-04-03,TX,28,5,0,1995,1,0
111,2000-03-20,TX,28,5,1,2000,1,0
112,1991-11-01,IA,28,5,1,1991,1,0
113,2006-10-02,PA,32,5,5,2006,1,0
114,2021-01-09,IL,32,5,3,2021,1,0
115,1996-04-24,MS,32,5,3,1996,1,0
116,1977-02-14,NY,33,5,5,1977,1,0
117,1984-07-24,AR,33,5,1,1984,1,0
118,2000-04-28,PA,34,5,1,2000,1,0
119,1999-12-30,FL,36,5,3,1999,1,0
120,2018-06-28,MD,38,5,3,2018,1,0
121,2012-05-30,WA,40,5,1,2012,1,0
122,2023-07-03,PA,40,5,4,2023,1,0
123,1996-02-09,FL,41,5,1,1996,1,0
124,2017-11-14,CA,44,5,18,2017,1,0
125,1980-06-22,TX,45,5,11,1980,1,0
126,2017-06-05,FL,45,5,0,2017,1,0
127,2019-02-15,IL,45,5,7,2019,1,0
128,2021-12-27,CO,47,5,2,2021,1,0
129,2010-09-11,KY,47,5,0,2010,1,0
130,2020-02-26,WI,51,5,0,2020,1,0
131,2018-09-12,CA,54,5,0,2018,1,0
132,1981-10-16,KY,70,5,3,1981,1,0
133,2024-09-04,GA,14,4,9,2024,1,0
134,1998-05-20,OR,15,4,25,1998,1,0
135,2014-10-24,WA,15,4,3,2014,1,0
136,2021-11-30,MI,15,4,7,2021,1,0
137,1993-10-14,CA,19,4,2,1993,1,0
138,1993-12-14,CO,19,4,1,1993,1,0
139,1992-05-01,CA,20,4,10,1992,1,0
140,1994-06-20,WA,20,4,23,1994,1,0
141,1972-05-29,NC,22,4,5,1972,1,0
142,1999-03-10,LA,22,4,4,1999,1,0
143,1993-08-06,NC,22,4,7,1993,1,0
144,1999-06-03,NV,23,4,1,1999,1,0
145,1980-07-21,PA,23,4,1,1980,1,0
146,2003-02-25,AL,23,4,1,2003,1,0
147,2019-10-06,KS,23,4,5,2019,1,0
148,1988-07-17,NC,24,4,5,1988,1,0
149,2007-12-09,CO,24,4,5,2007,1,0
150,1981-05-07,OR,25,4,20,1981,1,0
151,2004-12-08,OH,25,4,2,2004,1,0
152,1970-09-23,NY,25,4,0,1970,1,0
153,1992-03-15,AZ,26,4,0,1992,1,0
154,2013-04-21,WA,27,4,0,2013,1,0
155,2017-02-06,MS,27,4,0,2017,1,0
156,2018-02-26,MI,27,4,0,2018,1,0
157,2010-04-03,CA,28,4,2,2010,1,0
158,2018-01-28,PA,28,4,1,2018,1,0
159,2019-10-06,KS,29,4,5,2019,1,0
160,2009-11-01,NC,29,4,0,2009,1,0
161,2018-04-22,TN,29,4,4,2018,1,0
162,2024-09-02,IL,30,4,0,2024,1,0
163,2008-03-18,CA,31,4,0,2008,1,0
164,1991-11-14,MI,31,4,6,1991,1,0
165,2020-03-15,MO,31,4,3,2020,1,0
166,1969-04-05,PA,31,4,17,1969,1,0
167,2011-09-06,NV,32,4,7,2011,1,0
168,1993-12-02,CA,33,4,5,1993,1,0
169,2005-03-11,GA,33,4,3,2005,1,0
170,1982-05-03,AK,34,4,0,1982,1,0
171,1998-03-06,CT,35,4,0,1998,1,0
172,1991-10-10,NJ,35,4,0,1991,1,0
173,2009-11-29,WA,37,4,0,2009,1,0
174,2010-06-06,FL,38,4,3,2010,1,0
175,1985-03-16,PA,39,4,2,1985,1,0
176,2023-07-15,GA,40,4,3,2023,1,0
177,1988-09-22,IL,40,4,2,1988,1,0
178,1983-02-03,NY,41,4,1,1983,1,0
179,1997-12-18,CA,41,4,3,1997,1,0
180,2001-07-03,CO,42,4,3,2001,1,0
181,1995-07-19,CA,42,4,0,1995,1,0
182,1997-09-15,SC,43,4,3,1997,1,0
183,2014-02-20,CA,44,4,2,2014,0,0
184,2024-06-21,AR,44,4,10,2024,1,0
185,2021-03-31,CA,44,4,1,2021,1,0
186,1991-11-09,KY,45,4,0,1991,1,0
187,2022-06-01,OK,45,4,0,2022,1,0
188,2017-03-22,WI,45,4,0,2017,1,0
189,2019-12-10,NJ,47,4,3,2019,1,0
190,1978-06-17,RI,48,4,0,1978,1,0
191,2019-12-10,NJ,50,4,3,2019,0,0
192,1992-10-15,NY,50,4,0,1992,1,0
193,2003-10-24,ID,53,4,0,2003,1,0
194,2002-03-22,IN,54,4,5,2002,1,0
195,2001-01-09,TX,54,4,0,2001,1,0
196,2005-08-28,TX,54,4,0,2005,1,0
197,1997-12-03,FL,59,4,0,1997,1,0
198,1997-08-19,NH,62,4,4,1997,1,0
199,2013-03-13,NY,64,4,2,2013,1,0
200,2001-02-05,IL,66,4,4,2001,1,0
